dat = [4.252673339 1.844457129 0.00256029986246462 
2.903952323 0.9497891723 0.00250666458765238 
0.7638474312 1.939476379 0.002825008751187 
2.567771261 0.7244457507 0.00273468393612927 
0.0400813641 1.543420523 0.00264317240066522 
2.126878682 1.749315375 0.00271070026939708 
1.045509923 1.732100686 0.00271164535359368 
5.621832755 1.539684698 0.00255211083742116 
6.107291374 1.520191866 0.00266724505669622 
5.130874865 0.5608540153 0.00268519392084079 
2.838771134 1.935396533 0.00258509095701493 
0.638024394 1.78229447 0.002711090957095 
3.557049345 1.758554205 0.00270447588993189 
5.894774761 0.4086092937 0.00263620834660332 
1.139383137 1.566211818 0.00263688270015107 
4.005413085 1.20895964 0.00267452206830801 
3.214842901 2.701445365 0.00264498447123818 
5.08001091 2.490994559 0.00257680527730491 
3.431892675 0.6354772779 0.0026925269217111 
0.010537373 1.849908665 0.00268676100251546 
0.4535504049 2.155295347 0.00263223509866842 
5.627695194 2.408549882 0.00261141872176862 
2.348488233 2.708014837 0.0028197959329964 
1.593156927 1.194782645 0.00294320500288797 
5.140969396 1.936478672 0.00265740335151794 
2.794065974 2.653720628 0.00257964761985688 
3.354288128 2.211655781 0.00263464500415709 
4.227031451 1.475051561 0.00266674862705118 
1.45004279 1.065336898 0.002369447950754 
4.89419464 1.475160801 0.00261338151782826 
0.9502880572 1.900768136 0.00254136269049241 
2.886615426 2.129528092 0.00265269073578957 
2.672410993 2.050485167 0.00274011174590575 
0.0780270037 0.4558369084 0.00265069871834547 
2.826821249 3.038348016 0.00263956777900034 
1.928566762 2.702938896 0.00248705200379375 
2.31801824 1.400023818 0.00270676579447459 
0.479793193 2.863936496 0.00268930766303556 
2.482966987 2.157772825 0.00262836438073894 
4.731168357 2.051580291 0.0027055457415876 
1.222383003 2.956393498 0.0026840532527028 
1.117942448 0.6261213706 0.00270839941808823 
5.934373996 1.983295331 0.00267807819150821 
1.647218832 1.697767861 0.00269210198019956 
3.158710878 0.5206268813 0.00273611344283656 
5.508970341 1.382184459 0.00288046561312551 
2.650215326 1.846328419 0.00262815109228096 
1.759510977 1.856500495 0.00265532446086473 
4.034263535 1.40048352 0.00269599248087122 
3.170658058 1.652776414 0.00267020388364411 
5.191875781 2.906131314 0.00262227019295795 
2.414257772 1.23596711 0.00271204374777959 
5.333608646 1.767864088 0.00284163622771502 
0.9300546472 1.578669664 0.00267310536401795 
1.407646561 0.5163686445 0.00262283224256198 
2.259091579 2.259310269 0.00271297220049782 
1.253484211 2.073554772 0.00263869112263155 
2.065439375 1.076669931 0.00269944879591755 
2.430124194 1.563934146 0.00264981937935024 
4.399597163 2.623793921 0.00266941864209804 
6.265863333 1.010983749 0.00280270344750601 
4.560010881 1.265679385 0.00267821570599004 
3.914478901 0.8136380619 0.00269892209959577 
2.444965304 0.5445520118 0.00274472353674911 
5.55077513 2.756844018 0.00263503701987258 
1.829723444 2.195082763 0.00266802535789573 
3.057975151 1.290442606 0.00258029985305571 
5.168110976 0.8030878957 0.00263841870056643 
3.712777273 1.645403358 0.00265660929318252 
5.594481578 0.796906655 0.00260850559656935 
4.967723704 1.810507456 0.00262855236898549 
4.563561771 2.441044841 0.00267150889629688 
5.338241815 2.161075965 0.00275664151369052 
4.439087576 1.761213127 0.00257521930903054 
4.770693798 0.9999645609 0.00242560412924455 
2.409727665 0.8951185312 0.00264265325494541 
2.791950792 2.842962298 0.00271888115370253 
2.015829996 1.594448819 0.00268982271514078 
3.337315098 0.8162200846 0.00259669193194269 
4.739540561 1.361895111 0.0026212933771749 
2.959389268 2.32294815 0.00265793570154551 
4.077160028 1.781018408 0.00263568703835141 
1.625460144 2.575205212 0.00260771654477189 
3.054526869 2.519481351 0.0026764427479822 
4.84541911 2.383972103 0.00263838086506157 
4.064581265 1.588130291 0.00268653140332261 
0.8235284414 1.080732953 0.00265069458119465 
3.113796034 0.7183764031 0.00277408568529707 
0.5848070012 2.658996968 0.00263907748595912 
3.255737867 0.3300902992 0.00270498396989176 
1.485937371 2.774927008 0.00268066104498434 
4.935653505 0.7036880612 0.00252115096034005 
0.5270170029 1.623430518 0.00269440096767216 
1.746581299 2.386991436 0.00267536904421579 
2.102842583 1.401362713 0.00261577530962498 
3.598740269 0.4654397798 0.00265735371338273 
6.095443783 3.055349931 0.00270493219737681 
2.233136526 2.455463006 0.0026474709972953 
3.473735739 0.1296701094 0.00264341327065879 
2.491096242 2.544470731 0.00255130435329758 
2.20257698 1.234845648 0.00269665629034189 
0.2213873013 2.178810587 0.00263897458235752 
5.221175147 1.586938284 0.00269906875006667 
4.520946799 2.105841111 0.00260769244446015 
0.6194165312 2.468776622 0.00262876780758226 
1.562451576 1.883972675 0.00265416995051359 
1.662304027 1.008441311 0.0026191471078444 
4.664989974 2.250626488 0.00265945892538646 
3.787804108 2.048400737 0.00268298303203468 
1.426532577 0.7028860999 0.00260164262766494 
6.039768512 0.5820332193 0.00268783910557481 
5.501537787 1.684988961 0.00255828933490067 
0.1108479203 2.010740162 0.0026812851473676 
2.616521134 1.618010555 0.00295472474660592 
0.3938865165 1.113930285 0.00265742169690498 
0.8875992164 2.358433922 0.00273171940294852 
2.297171207 1.883621515 0.0026632989085173 
3.982168476 2.133850015 0.00272789215341808 
2.154528502 0.9017191046 0.00268202180933459 
0.5195340434 1.274464064 0.00263054657688197 
3.319113792 1.50521085 0.00265043093047951 
5.349840854 2.353280628 0.00275288776145768 
0.1385069732 1.3311936 0.00260115595335021 
0.1755482181 1.139924172 0.00272297343939398 
4.836654329 1.674606346 0.00263327983028642 
5.51632357 1.871151469 0.0025855823388666 
4.128260616 1.993108043 0.00273271557636246 
1.687696839 0.8254895282 0.00269750080636187 
4.395649211 1.95834105 0.00258431736672737 
3.902882095 1.708912084 0.00261099591252667 
5.379998957 0.6744183137 0.00271943442416155 
4.968117624 1.093701762 0.00261281965744409 
5.945168403 2.467812223 0.00262732875646764 
1.973336639 0.755677545 0.0027008668813921 
2.985441362 1.114548533 0.00264382237285337 
3.721522943 2.481660817 0.00262330636771106 
0.4061374537 0.5816864572 0.00266743969079945 
5.532709472 0.2522333429 0.00267658350927156 
2.711729508 1.412258821 0.00269134126870942 
2.858228204 0.7780611657 0.00258758287681063 
4.120427421 0.6830196104 0.00265501088109311 
5.40317555 1.536873217 0.00264845270195393 
1.329033616 1.202568489 0.00279257816251314 
2.093083051 0.5787401495 0.00260634595921123 
1.987089537 1.250443883 0.00261758033603102 
2.063219822 2.138060011 0.00264896311724373 
0.07298563761 0.84543735 0.00255906202843174 
1.685431577 2.045236281 0.00266492535227354 
6.07515906 1.130885338 0.00265475099049724 
2.48042954 1.962963851 0.00266938902802955 
0.9773854109 2.753202615 0.00264013071534324 
1.343238222 1.551451953 0.00269606435805734 
6.240734344 1.385313363 0.00247442976241698 
4.155915235 0.8845221486 0.00270317127307521 
5.267188937 1.405883587 0.0025374740248178 
0.3250274481 1.298308525 0.00265810983890736 
6.125007182 2.32757048 0.00263685602712414 
1.842295155 1.664096846 0.00265789949782947 
0.3006326146 2.519605322 0.00268156367790757 
1.028100263 1.411870834 0.00272622257633986 
5.866602721 0.7536216693 0.00259472986654704 
2.760728405 0.4217172749 0.00257246487190402 
1.34162189 2.24803984 0.00270420317408312 
3.975260219 2.395596799 0.0025301275716382 
4.706876271 1.548863664 0.00254549697489672 
0.6073183103 1.088825556 0.00267389547755051 
1.269473714 2.60028767 0.00268104127117172 
5.877876623 1.080581075 0.00253961272615628 
5.700848854 2.58770149 0.00245225720332467 
4.377284088 0.776839348 0.00257946890674178 
3.641777418 0.7691348538 0.00267935157544067 
1.517490882 0.3191129985 0.00273732580920956 
0.8384180547 0.2330681616 0.00259721949037624 
4.58726205 1.903298217 0.0026463414139829 
4.775177392 2.586662164 0.00267870631586649 
0.6176105692 1.438759429 0.00270049827291706 
4.281315903 2.115688189 0.0026588961286138 
