dat = [0 3.14159265358979 0.00162337662337662 

2.37659444248838 3.06098853867527 0.00162337662337662 

4.75318888497676 3.02757031987919 0.00162337662337662 

0.846598020285561 3.00190648355372 0.00162337662337662 

3.22319246277394 2.98025312858056 0.00162337662337662 

5.59978690526233 2.96116050623138 0.00162337662337662 

1.69319604057112 2.94388530139771 0.00162337662337662 

4.0697904830595 2.92798606909176 0.00162337662337662 

0.163199618368301 2.91317525922367 0.00162337662337662 

2.53979406085668 2.89925319070202 0.00162337662337662 

4.91638850334507 2.88607451425409 0.00162337662337662 

1.00979763865386 2.87352953076736 0.00162337662337662 

3.38639208114224 2.86153303633932 0.00162337662337662 

5.76298652363063 2.85001728960846 0.00162337662337662 

1.85639565893942 2.83892737963536 0.00162337662337662 

4.23299010142781 2.82821806293292 0.00162337662337662 

0.326399236736602 2.8178515373849 0.00162337662337662 

2.70299367922498 2.8077958346952 0.00162337662337662 

5.07958812171337 2.7980236334639 0.00162337662337662 

1.17299725702216 2.78851136572913 0.00162337662337662 

3.54959169951055 2.77923853289092 0.00162337662337662 

5.92618614199893 2.770187174002 0.00162337662337662 

2.01959527730772 2.76134144689686 0.00162337662337662 

4.39618971979611 2.75268729420611 0.00162337662337662 

0.489598855104903 2.74421217413535 0.00162337662337662 

2.86619329759328 2.73590484129222 0.00162337662337662 

5.24278774008167 2.72775516664085 0.00162337662337662 

1.33619687539046 2.71975398837185 0.00162337662337662 

3.71279131787885 2.71189298743837 0.00162337662337662 

6.08938576036723 2.70416458294857 0.00162337662337662 

2.18279489567602 2.69656184367566 0.00162337662337662 

4.55938933816441 2.68907841275082 0.00162337662337662 

0.652798473473204 2.68170844321582 0.00162337662337662 

3.02939291596159 2.67444654258096 0.00162337662337662 

5.40598735844997 2.66728772489673 0.00162337662337662 

1.49939649375876 2.66022736913127 0.00162337662337662 

3.87599093624715 2.65326118286852 0.00162337662337662 

6.25258537873553 2.64638517051886 0.00162337662337662 

2.34599451404433 2.63959560537518 0.00162337662337662 

4.72258895653271 2.63288900496087 0.00162337662337662 

0.815998091841505 2.62626210920787 0.00162337662337662 

3.19259253432989 2.61971186107775 0.00162337662337662 

5.56918697681827 2.61323538929954 0.00162337662337662 

1.66259611212707 2.6068299929487 0.00162337662337662 

4.03919055461545 2.60049312763265 0.00162337662337662 

0.132599689924245 2.59422239308304 0.00162337662337662 

2.50919413241263 2.58801552198368 0.00162337662337662 

4.88578857490101 2.58187036988682 0.00162337662337662 

0.979197710209806 2.57578490609119 0.00162337662337662 

3.35579215269819 2.5697572053719 0.00162337662337662 

5.73238659518657 2.56378544046706 0.00162337662337662 

1.82579573049537 2.55786787523812 0.00162337662337662 

4.20239017298375 2.55200285843168 0.00162337662337662 

0.295799308292545 2.54618881797921 0.00162337662337662 

2.67239375078093 2.54042425577927 0.00162337662337662 

5.04898819326931 2.5347077429131 0.00162337662337662 

1.14239732857811 2.52903791525045 0.00162337662337662 

3.51899177106649 2.52341346940751 0.00162337662337662 

5.89558621355487 2.5178331590229 0.00162337662337662 

1.98899534886367 2.51229579132195 0.00162337662337662 

4.36558979135205 2.50680022394215 0.00162337662337662 

0.458998926660846 2.50134536199615 0.00162337662337662 

2.83559336914923 2.49593015535083 0.00162337662337662 

5.21218781163761 2.49055359610337 0.00162337662337662 

1.30559694694641 2.4852147162372 0.00162337662337662 

3.68219138943479 2.4799125854423 0.00162337662337662 

6.05878583192317 2.47464630908613 0.00162337662337662 

2.15219496723197 2.46941502632258 0.00162337662337662 

4.52878940972035 2.46421790832766 0.00162337662337662 

0.622198545029147 2.45905415665166 0.00162337662337662 

2.99879298751753 2.45392300167867 0.00162337662337662 

5.37538743000591 2.44882370118481 0.00162337662337662 

1.46879656531471 2.44375553898777 0.00162337662337662 

3.84539100780309 2.43871782368053 0.00162337662337662 

6.22198545029147 2.43370988744304 0.00162337662337662 

2.31539458560027 2.42873108492604 0.00162337662337662 

4.69198902808865 2.4237807922017 0.00162337662337662 

0.785398163397448 2.41885840577638 0.00162337662337662 

3.16199260588583 2.41396334166085 0.00162337662337662 

5.53858704837421 2.40909503449425 0.00162337662337662 

1.63199618368301 2.40425293671773 0.00162337662337662 

4.00859062617139 2.39943651779458 0.00162337662337662 

0.101999761480188 2.39464526347363 0.00162337662337662 

2.47859420396857 2.38987867509296 0.00162337662337662 

4.85518864645695 2.38513626892142 0.00162337662337662 

0.948597781765749 2.38041757553525 0.00162337662337662 

3.32519222425413 2.37572213922777 0.00162337662337662 

5.70178666674251 2.37104951744988 0.00162337662337662 

1.79519580205131 2.36639928027943 0.00162337662337662 

4.17179024453969 2.36177100991781 0.00162337662337662 

0.265199379848489 2.3571643002118 0.00162337662337662 

2.64179382233687 2.35257875619948 0.00162337662337662 

5.01838826482525 2.3480139936784 0.00162337662337662 

1.11179740013405 2.34346963879502 0.00162337662337662 

3.48839184262243 2.33894532765384 0.00162337662337662 

5.86498628511082 2.33444070594536 0.00162337662337662 

1.95839542041961 2.32995542859154 0.00162337662337662 

4.33498986290799 2.32548915940792 0.00162337662337662 

0.42839899821679 2.32104157078142 0.00162337662337662 

2.80499344070517 2.31661234336284 0.00162337662337662 

5.18158788319356 2.31220116577342 0.00162337662337662 

1.27499701850235 2.30780773432455 0.00162337662337662 

3.65159146099073 2.30343175274991 0.00162337662337662 

6.02818590347912 2.29907293194954 0.00162337662337662 

2.12159503878791 2.29473098974495 0.00162337662337662 

4.4981894812763 2.2904056506449 0.00162337662337662 

0.591598616585091 2.2860966456212 0.00162337662337662 

2.96819305907347 2.28180371189396 0.00162337662337662 

5.34478750156186 2.27752659272596 0.00162337662337662 

1.43819663687065 2.27326503722551 0.00162337662337662 

3.81479107935903 2.26901880015746 0.00162337662337662 

6.19138552184742 2.26478764176192 0.00162337662337662 

2.28479465715621 2.2605713275804 0.00162337662337662 

4.6613890996446 2.25636962828878 0.00162337662337662 

0.754798234953392 2.2521823195371 0.00162337662337662 

3.13139267744177 2.24800918179552 0.00162337662337662 

5.50798711993016 2.2438500002064 0.00162337662337662 

1.60139625523895 2.23970456444206 0.00162337662337662 

3.97799069772734 2.23557266856802 0.00162337662337662 

0.0713998330361317 2.23145411091145 0.00162337662337662 

2.44799427552451 2.22734869393461 0.00162337662337662 

4.8245887180129 2.22325622411297 0.00162337662337662 

0.917997853321693 2.21917651181795 0.00162337662337662 

3.29459229581008 2.21510937120386 0.00162337662337662 

5.67118673829846 2.21105462009909 0.00162337662337662 

1.76459587360725 2.20701207990118 0.00162337662337662 

4.14119031609564 2.20298157547564 0.00162337662337662 

0.234599451404433 2.19896293505845 0.00162337662337662 

2.61119389389282 2.19495599016194 0.00162337662337662 

4.9877883363812 2.19096057548401 0.00162337662337662 

1.08119747168999 2.1869765288205 0.00162337662337662 

3.45779191417838 2.18300369098059 0.00162337662337662 

5.83438635666676 2.17904190570511 0.00162337662337662 

1.92779549197556 2.17509101958758 0.00162337662337662 

4.30438993446394 2.17115088199802 0.00162337662337662 

0.397799069772733 2.16722134500917 0.00162337662337662 

2.77439351226112 2.1633022633253 0.00162337662337662 

5.1509879547495 2.15939349421326 0.00162337662337662 

1.24439709005829 2.15549489743587 0.00162337662337662 

3.62099153254668 2.15160633518744 0.00162337662337662 

5.99758597503506 2.14772767203135 0.00162337662337662 

2.09099511034386 2.14385877483967 0.00162337662337662 

4.46758955283224 2.13999951273468 0.00162337662337662 

