dat = [0 3.14159265358979 0.0026525198938992 

2.39994345950626 3.03854182138249 0.0026525198938992 

4.79988691901252 2.99579213822296 0.0026525198938992 

0.916645071339197 2.96294487376376 0.0026525198938992 

3.31658853084546 2.93521612418866 0.0026525198938992 

5.71653199035172 2.91075374916704 0.0026525198938992 

1.83329014267839 2.88860827643495 0.0026525198938992 

4.23323360218465 2.86821591637443 0.0026525198938992 

0.34999175451133 2.84920948177026 0.0026525198938992 

2.74993521401759 2.83133402748397 0.0026525198938992 

5.14987867352385 2.81440400370018 0.0026525198938992 

1.26663682585053 2.79827939019577 0.0026525198938992 

3.66658028535679 2.78285144698518 0.0026525198938992 

6.06652374486305 2.76803373142661 0.0026525198938992 

2.18328189718972 2.75375618199921 0.0026525198938992 

4.58322535669598 2.73996107879198 0.0026525198938992 

0.69998350902266 2.72660020071939 0.0026525198938992 

3.09992696852892 2.71363277276775 0.0026525198938992 

5.49987042803518 2.70102395046551 0.0026525198938992 

1.61662858036186 2.68874367914677 0.0026525198938992 

4.01657203986812 2.67676582060735 0.0026525198938992 

0.133330192194792 2.6650674743313 0.0026525198938992 

2.53327365170105 2.6536284428023 0.0026525198938992 

4.93321711120731 2.64243080520039 0.0026525198938992 

1.04997526353399 2.63145857378847 0.0026525198938992 

3.44991872304025 2.62069741419546 0.0026525198938992 

5.84986218254651 2.61013441565094 0.0026525198938992 

1.96662033487319 2.59975790068556 0.0026525198938992 

4.36656379437945 2.58955726631748 0.0026525198938992 

0.483321946706122 2.57952285058417 0.0026525198938992 

2.88326540621238 2.56964581964596 0.0026525198938992 

5.28320886571864 2.5599180717148 0.0026525198938992 

1.39996701804532 2.55033215484234 0.0026525198938992 

3.79991047755158 2.54088119620017 0.0026525198938992 

6.19985393705784 2.53155884094825 0.0026525198938992 

2.31661208938452 2.5223591991496 0.0026525198938992 

4.71655554889078 2.51327679947388 0.0026525198938992 

0.833313701217452 2.50430654865838 0.0026525198938992 

3.23325716072371 2.4954436958751 0.0026525198938992 

5.63320062022997 2.48668380129734 0.0026525198938992 

1.74995877255665 2.47802270827673 0.0026525198938992 

4.14990223206291 2.46945651863631 0.0026525198938992 

0.266660384389585 2.46098157066395 0.0026525198938992 

2.66660384389585 2.45259441945378 0.0026525198938992 

5.06654730340211 2.44429181929682 0.0026525198938992 

1.18330545572878 2.43607070786562 0.0026525198938992 

3.58324891523504 2.42792819197464 0.0026525198938992 

5.9831923747413 2.41986153472857 0.0026525198938992 

2.09995052706798 2.41186814389698 0.0026525198938992 

4.49989398657424 2.40394556137515 0.0026525198938992 

0.616652138900914 2.39609145360967 0.0026525198938992 

3.01659559840717 2.38830360288305 0.0026525198938992 

5.41653905791344 2.38057989936506 0.0026525198938992 

1.53329721024011 2.37291833384983 0.0026525198938992 

3.93324066974637 2.36531699110795 0.0026525198938992 

0.0499988220730471 2.35777404379096 0.0026525198938992 

2.44994228157931 2.35028774683333 0.0026525198938992 

4.84988574108557 2.34285643230301 0.0026525198938992 

0.966643893412244 2.33547850465757 0.0026525198938992 

3.36658735291851 2.32815243636739 0.0026525198938992 

5.76653081242477 2.32087676387201 0.0026525198938992 

1.88328896475144 2.3136500838389 0.0026525198938992 

4.2832324242577 2.30647104969767 0.0026525198938992 

0.399990576584377 2.29933836842523 0.0026525198938992 

2.79993403609064 2.29225079756004 0.0026525198938992 

5.1998774955969 2.28520714242591 0.0026525198938992 

1.31663564792357 2.27820625354746 0.0026525198938992 

3.71657910742983 2.27124702424151 0.0026525198938992 

6.1165225669361 2.26432838836984 0.0026525198938992 

2.23328071926277 2.25744931824037 0.0026525198938992 

4.63322417876903 2.25060882264486 0.0026525198938992 

0.749982331095707 2.24380594502257 0.0026525198938992 

3.14992579060197 2.23703976173994 0.0026525198938992 

5.54986925010823 2.23030938047763 0.0026525198938992 

1.6666274024349 2.22361393871671 0.0026525198938992 

4.06657086194117 2.21695260231669 0.0026525198938992 

0.183329014267839 2.21032456417866 0.0026525198938992 

2.5832724737741 2.2037290429874 0.0026525198938992 

4.98321593328036 2.19716528202678 0.0026525198938992 

1.09997408560704 2.19063254806333 0.0026525198938992 

3.4999175451133 2.18413013029319 0.0026525198938992 

5.89986100461956 2.1776573393482 0.0026525198938992 

2.01661915694623 2.17121350635689 0.0026525198938992 

4.41656261645249 2.16479798205699 0.0026525198938992 

0.533320768779169 2.15841013595574 0.0026525198938992 

2.93326422828543 2.15204935553512 0.0026525198938992 

5.33320768779169 2.14571504549892 0.0026525198938992 

1.44996584011837 2.13940662705908 0.0026525198938992 

3.84990929962463 2.13312353725879 0.0026525198938992 

6.24985275913089 2.12686522832998 0.0026525198938992 

2.36661091145756 2.12063116708318 0.0026525198938992 

4.76655437096382 2.11442083432773 0.0026525198938992 

0.883312523290499 2.10823372432043 0.0026525198938992 

3.28325598279676 2.10206934424108 0.0026525198938992 

5.68319944230302 2.09592721369316 0.0026525198938992 

1.7999575946297 2.08980686422826 0.0026525198938992 

4.19990105413596 2.08370783889289 0.0026525198938992 

0.316659206462632 2.07762969179637 0.0026525198938992 

2.71660266596889 2.07157198769851 0.0026525198938992 

5.11654612547515 2.06553430161618 0.0026525198938992 

1.23330427780183 2.05951621844746 0.0026525198938992 

3.63324773730809 2.0535173326126 0.0026525198938992 

6.03319119681435 2.04753724771081 0.0026525198938992 

2.14994934914103 2.04157557619192 0.0026525198938992 

4.54989280864729 2.0356319390423 0.0026525198938992 

0.666650960973962 2.02970596548411 0.0026525198938992 

3.06659442048022 2.02379729268732 0.0026525198938992 

5.46653787998648 2.01790556549367 0.0026525198938992 

1.58329603231316 2.01203043615216 0.0026525198938992 

3.98323949181942 2.00617156406525 0.0026525198938992 

0.0999976441460942 2.00032861554544 0.0026525198938992 

2.49994110365236 1.99450126358151 0.0026525198938992 

4.89988456315862 1.98868918761413 0.0026525198938992 

1.01664271548529 1.9828920733202 0.0026525198938992 

3.41658617499155 1.9771096124056 0.0026525198938992 

5.81652963449781 1.9713415024059 0.0026525198938992 

1.93328778682449 1.96558744649466 0.0026525198938992 

4.33323124633075 1.95984715329896 0.0026525198938992 

0.449989398657424 1.95412033672174 0.0026525198938992 

2.84993285816368 1.9484067157708 0.0026525198938992 

5.24987631766995 1.94270601439388 0.0026525198938992 

1.36663446999662 1.93701796131986 0.0026525198938992 

3.76657792950288 1.93134228990553 0.0026525198938992 

6.16652138900914 1.92567873798774 0.0026525198938992 

2.28327954133582 1.92002704774084 0.0026525198938992 

4.68322300084208 1.91438696553894 0.0026525198938992 

0.799981153168754 1.90875824182288 0.0026525198938992 

3.19992461267501 1.90314063097178 0.0026525198938992 

5.59986807218128 1.8975338911788 0.0026525198938992 

1.71662622450795 1.89193778433102 0.0026525198938992 

4.11656968401421 1.88635207589326 0.0026525198938992 

0.233327836340886 1.88077653479566 0.0026525198938992 

2.63327129584715 1.87521093332482 0.0026525198938992 

5.03321475535341 1.86965504701837 0.0026525198938992 

1.14997290768008 1.86410865456282 0.0026525198938992 

3.54991636718634 1.8585715376946 0.0026525198938992 

5.94985982669261 1.85304348110401 0.0026525198938992 

2.06661797901928 1.84752427234218 0.0026525198938992 

4.46656143852554 1.84201370173059 0.0026525198938992 

0.583319590852216 1.83651156227347 0.0026525198938992 

2.98326305035848 1.83101764957249 0.0026525198938992 

5.38320650986474 1.82553176174405 0.0026525198938992 

1.49996466219141 1.82005369933877 0.0026525198938992 

3.89990812169767 1.81458326526323 0.0026525198938992 

0.016666274024349 1.8091202647039 0.0026525198938992 

